[gd_scene load_steps=10 format=3 uid="uid://b5hbtk6hdyibx"]

[ext_resource type="PackedScene" uid="uid://beo3mdsyq0f1d" path="res://assets/Contruct_Temple.blend" id="3_3yy1u"]
[ext_resource type="PackedScene" uid="uid://dl12lahman3m2" path="res://scenes/enviroment/ground_hex.tscn" id="3_dvshw"]
[ext_resource type="Sky" uid="uid://deel6vvma6vaf" path="res://assets/textures/skyboxes/sky.tres" id="3_poui6"]
[ext_resource type="PackedScene" uid="uid://b7wh257kan8qj" path="res://props/temple_pillar.tscn" id="9_ar3th"]
[ext_resource type="PackedScene" uid="uid://bhp1bcvhj2md5" path="res://scenes/enviroment/spawn_enviroment.tscn" id="12_ulqxx"]
[ext_resource type="PackedScene" uid="uid://budd724dpb8v" path="res://assets/creature_lucipeta.blend" id="15_3a4x0"]
[ext_resource type="PackedScene" uid="uid://cf1pwgl0y0mi6" path="res://Player Controller/Player.tscn" id="16_poui6"]

[sub_resource type="CameraAttributesPractical" id="CameraAttributesPractical_dvshw"]

[sub_resource type="Environment" id="Environment_ptepl"]
background_mode = 2
sky = ExtResource("3_poui6")
fog_mode = 1
fog_light_color = Color(0, 0, 0, 1)
fog_density = 1.0
fog_sky_affect = 0.5
volumetric_fog_enabled = true
volumetric_fog_density = 0.1
volumetric_fog_anisotropy = -0.5
volumetric_fog_sky_affect = 0.5

[node name="Spawn" type="Node3D"]

[node name="LightmapGI" type="LightmapGI" parent="."]
camera_attributes = SubResource("CameraAttributesPractical_dvshw")

[node name="DirectionalLight3D" type="DirectionalLight3D" parent="."]
transform = Transform3D(-0.866023, -0.433016, 0.250001, 0, 0.499998, 0.866027, -0.500003, 0.749999, -0.43301, 0, 0, 0)
light_volumetric_fog_energy = 0.5
light_specular = 0.1
shadow_opacity = 0.5
directional_shadow_blend_splits = true

[node name="HTTPRequest" type="HTTPRequest" parent="."]

[node name="WorldEnvironment" type="WorldEnvironment" parent="."]
environment = SubResource("Environment_ptepl")

[node name="Player" parent="." instance=ExtResource("16_poui6")]
transform = Transform3D(-0.965926, 0, 0.258819, 0, 1, 0, -0.258819, 0, -0.965926, 1.37379, 0.5, -6.30902)

[node name="GroundHex" parent="." instance=ExtResource("3_dvshw")]
cast_shadow = 0

[node name="Other" type="Node3D" parent="."]
transform = Transform3D(1, 0, 0, 0, 1, 0, 0, 0, 1, 0, 9.93159, 0)

[node name="Spawn_Enviroment" parent="." instance=ExtResource("12_ulqxx")]
transform = Transform3D(1, 0, 0, 0, 1, 0, 0, 0, 1, 0, -4.91549, 0)
visible = false

[node name="SpotLight3D" type="SpotLight3D" parent="."]
transform = Transform3D(1, 0, 0, 0, -4.37114e-08, 1, 0, -1, -4.37114e-08, 0.0965271, 7.08455, 0.131213)
light_energy = 5.0
light_volumetric_fog_energy = 0.0
spot_range = 10.0
spot_angle = 51.33

[node name="Temple_Pillar" parent="." instance=ExtResource("9_ar3th")]
transform = Transform3D(-1, 0, 8.74228e-08, 0, 1, 0, -8.74228e-08, 0, -1, 14.9791, 3, 4.7815)

[node name="Contruct_Temple2" parent="." instance=ExtResource("3_3yy1u")]

[node name="creature_lucipeta" parent="." instance=ExtResource("15_3a4x0")]
transform = Transform3D(0.489032, 0, -0.872266, 0, 1, 0, 0.872266, 0, 0.489032, 1.34485, 1.10577, -2.08304)
